v2.0 raw
0000
0000
007c
0000
007c
0000
007c
0000
0001
0020
0000
0000
0000
0001
0000
0000
0000
0000
0068
0085
00e1
00d6
00ff
00fe
004c
0045
00d4
0049
00c6
0054
0048
0045
00ce
0047
004f
0054
00cf
0047
004f
0053
0055
00c2
0052
0045
0054
0055
0052
00ce
0050
0052
0049
004e
00d4
0049
004e
0050
0055
00d4
0052
0055
00ce
0052
0045
00cd
004c
0049
0053
00d4
0053
0054
004f
00d0
004e
0045
00d7
004c
004f
0041
00c4
0052
004e
00c4
0000
0039
0000
00b1
0000
00a9
0000
00a9
0000
00e6
0000
00eb
0000
0046
0000
00ef
0000
0099
0000
002d
0001
007d
0000
00a1
0000
0003
0001
0005
0001
0085
0004
0000
0054
0069
006e
0079
0020
0042
0041
0053
0049
0043
0020
0066
006f
0072
0020
0042
0059
004f
0043
002d
0046
0050
0047
0041
002d
0032
0034
0000
0053
0054
004f
0050
0020
0061
0074
0020
006c
0069
006e
0065
0020
0000
0045
0072
0072
006f
0072
0020
0000
0020
0020
0061
0074
0020
006c
0069
006e
0065
0020
0000
0031
0030
0020
006c
0065
0074
0020
0061
003d
0031
0000
0032
0030
0020
0070
0072
0069
006e
0074
0020
0061
0000
0033
0030
0020
006c
0065
0074
0020
0061
003d
0061
002b
0031
0000
0034
0030
0020
0069
0066
0020
0061
003e
0031
0030
0020
0074
0068
0065
006e
0020
0036
0030
0000
0035
0030
0020
0067
006f
0074
006f
0020
0032
0030
0000
0036
0030
0020
0073
0074
006f
0070
0000
00fe
0031
0030
0020
0069
003d
0030
0000
0031
0031
0020
006c
003d
0030
0000
0031
0032
0020
0068
003d
0030
0000
0032
0030
0020
0072
003d
0072
006e
0064
0028
0030
0029
0000
0032
0032
0020
0069
0066
0020
0072
003e
0039
0039
0039
0020
0074
0068
0065
006e
0020
0032
0030
0000
0033
0030
0020
0069
0066
0020
0072
003e
0035
0030
0030
0020
0074
0068
0065
006e
0020
0036
0030
0000
0034
0030
0020
006c
003d
006c
002b
0031
0000
0034
0035
0020
0067
006f
0074
006f
0020
0031
0030
0030
0000
0036
0030
0020
0068
003d
0068
002b
0031
0000
0031
0030
0030
0020
0069
003d
0069
002b
0031
0000
0031
0031
0030
0020
0069
0066
0020
0069
003c
0031
0030
0030
0030
0030
0020
0074
0068
0065
006e
0020
0032
0030
0000
0031
0032
0030
0020
0070
0072
0069
006e
0074
0020
0069
002c
006c
002c
0068
0000
0031
0033
0030
0020
0073
0074
006f
0070
0000
00fe
0031
0030
0020
0070
0072
0069
006e
0074
0000
0031
0035
0020
0070
0072
0069
006e
0074
0020
0022
0048
0069
0067
0068
002f
004c
006f
0077
0020
0047
0075
0065
0073
0073
0069
006e
0067
0020
0047
0061
006d
0065
0022
0000
0032
0030
0020
0070
0072
0069
006e
0074
0000
0032
0035
0020
0070
0072
0069
006e
0074
0020
0022
0049
0020
0061
006d
0020
0074
0068
0069
006e
006b
0069
006e
0067
0020
006f
0066
0020
0061
0020
006e
0075
006d
0062
0065
0072
0020
0062
0065
0074
0077
0065
0065
006e
0020
0031
0020
0061
006e
0064
0020
0031
0030
0030
002e
0022
0000
0033
0030
0020
0067
006f
0073
0075
0062
0020
0031
0030
0030
0000
0033
0035
0020
0074
003d
0030
0000
0034
0030
0020
006c
0065
0074
0020
0074
003d
0074
002b
0031
0000
0034
0035
0020
0070
0072
0069
006e
0074
0020
0022
0059
006f
0075
0072
0020
0067
0075
0065
0073
0073
0022
003b
0000
0035
0030
0020
0069
006e
0070
0075
0074
0020
0067
0000
0035
0035
0020
0069
0066
0020
0067
003c
003e
0072
0020
0074
0068
0065
006e
0020
0037
0030
0000
0036
0030
0020
0070
0072
0069
006e
0074
0020
0022
0059
006f
0075
0020
0067
006f
0074
0020
0069
0074
0020
0069
006e
0020
0022
003b
0074
003b
0022
0074
0072
0069
0065
0073
0022
0000
0036
0035
0020
0067
006f
0074
006f
0020
0031
0030
0000
0037
0030
0020
0074
003d
0074
002b
0031
0000
0037
0035
0020
0069
0066
0020
0067
003e
0072
0020
0074
0068
0065
006e
0020
0039
0030
0000
0038
0030
0020
0070
0072
0069
006e
0074
0020
0022
0054
006f
006f
0020
006c
006f
0077
002e
0020
0054
0072
0079
0020
0061
0067
0061
0069
006e
0022
0000
0038
0035
0020
0067
006f
0074
006f
0020
0034
0030
0000
0039
0030
0020
0070
0072
0069
006e
0074
0020
0022
0054
006f
006f
0020
0068
0069
0067
0068
002e
0020
0020
0054
0072
0079
0020
0061
0067
0061
0069
006e
002e
0022
0000
0039
0035
0020
0067
006f
0074
006f
0020
0034
0030
0000
0031
0030
0030
0020
0072
003d
0072
006e
0064
0028
0030
0029
0000
0031
0030
0035
0020
0072
003d
0072
0025
0031
0030
0030
002b
0031
0000
0031
0031
0030
0020
0072
0065
0074
0075
0072
006e
0000
00fe
0031
0030
0020
0061
003d
0031
0030
0000
0032
0030
0020
0062
003d
0032
0000
0033
0030
0020
0063
003d
0033
0000
0034
0030
0020
0064
003d
002d
0032
002a
0028
0031
0036
002f
0062
002b
0033
002a
0061
002a
0028
0063
002b
0034
002a
0062
002f
0028
0063
002d
0062
0029
0029
002b
0031
0036
0029
0000
0035
0030
0020
0070
0072
0069
006e
0074
0020
0064
0000
00fe
0031
0030
0020
0070
0072
0069
006e
0074
0020
0022
0050
0072
0069
006e
0074
0020
0053
0071
0075
0061
0072
0065
0073
0020
0044
0065
006d
006f
0022
0000
0032
0030
0020
0070
0072
0069
006e
0074
0000
0033
0030
0020
0070
0072
0069
006e
0074
0020
0022
0045
006e
0074
0065
0072
0020
0073
0074
0061
0072
0074
0069
006e
0067
0020
006e
0075
006d
0062
0065
0072
0022
003b
0000
0034
0030
0020
0069
006e
0070
0075
0074
0020
0073
0000
0035
0030
0020
0070
0072
0069
006e
0074
0020
0022
0045
006e
0074
0065
0072
0020
0065
006e
0064
0069
006e
0067
0020
006e
0075
006d
0062
0065
0072
0022
003b
0000
0036
0030
0020
0069
006e
0070
0075
0074
0020
0065
0000
0037
0030
0020
0070
0072
0069
006e
0074
0000
0038
0030
0020
0070
0072
0069
006e
0074
0020
0022
004e
0075
006d
0062
0065
0072
0022
002c
0022
0053
0071
0075
0061
0072
0065
0022
0000
0039
0030
0020
0070
0072
0069
006e
0074
0020
0073
002c
0073
002a
0073
0000
0031
0030
0030
0020
0073
003d
0073
002b
0031
0000
0031
0031
0030
0020
0069
0066
0020
0073
003c
003d
0065
0020
0074
0068
0065
006e
0020
0039
0030
0000
0031
0032
0030
0020
0073
0074
006f
0070
0000
00fe
00ff
